{
  "data": {
    "groupByUrlname": {
      "unifiedEvents": {
        "count": 163,
        "edges": [
          {
            "cursor": "a3Zkemp0eWdjcWJnYjoxNzMzMzE3MjAwMDAw",
            "node": {
              "dateTime": "2024-12-04T08:00-08:00",
              "description": "Join the OpenSearch community to review and triage incoming issues in the OpenSearch repository. Meetings are open-to-all and attendance is encouraged for anyone who hopes to contribute, discuss an issue, or learn more about the project. See [Triaging](https://github.com/opensearch-project/OpenSearch/blob/main/TRIAGING.md) on OpenSearch for more details and FAQs.\n\n**Agenda**\n\n1. **Initial Gathering:** Feel free to turn on your video and engage in informal conversation. Shortly, a volunteer triage [facilitator](https://github.com/opensearch-project/OpenSearch/blob/main/TRIAGING.md#what-is-the-role-of-the-facilitator) will begin the meeting and share their screen.\n2. **Record Attendees:** The facilitator will request attendees to share their GitHub profile links. These links will be collected and assembled into a [tag](https://github.com/opensearch-project/OpenSearch/blob/main/TRIAGING.md#how-do-triage-facilitator-tag-comments-during-the-triage-meeting) to annotate comments during the meeting.\n3. **Announcements:** Any announcements will be made at the beginning of the meeting.\n4. **Review of New Issues:** We start by reviewing all untriaged [issues](https://github.com/search?q=label%3Auntriaged+is%3Aopen++repo%3Aopensearch-project%2FOpenSearch+&type=issues&ref=advsearch&s=created&o=desc) for the OpenSearch repo.\n5. **Attendee Requests:** An opportunity for any meeting member to request consideration of an issue or pull request.\n6. **Open Discussion:** Attendees can bring up any topics not already covered by filed issues or pull requests.\n\n**Chime Links**\n\n* Join via browser screen share: [https://chime.aws/1988437365](https://chime.aws/1988437365)\n* Join via phone (US): [+1-929-432-4463,,,1988437365#](+1-929-432-4463,,,1988437365#)\n* Join via phone (US toll-free): [+1-855-552-4463,,,1988437365#](+1-855-552-4463,,,1988437365#)",
              "endTime": "2024-12-04T09:00-08:00",
              "eventUrl": "https://www.meetup.com/opensearch/events/kvdzjtygcqbgb",
              "isOnline": true,
              "timezone": "America/Los_Angeles",
              "title": "OpenSearch Core Triage Meeting",
              "venue": {
                "city": "",
                "country": ""
              }
            }
          },
          {
            "cursor": "bmdsY2t0eWdjcWJnYjoxNzMzMzIwODAwMDAw",
            "node": {
              "dateTime": "2024-12-04T09:00-08:00",
              "description": "We are formalizing the fact that this meeting has organically covered more than relevance topics and updating the meeting agenda. See the proposal here: https://forum.opensearch.org/t/expanding-the-search-relevance-community-meeting-to-cover-all-aspects-of-search/17466/3\n\n**Standing Topics**\n\n* Brief intro\n* Triage New Issues - [https://github.com/orgs/opensearch-project/projects/45](https://github.com/orgs/opensearch-project/projects/45)\n* New Contributors Can Pick Up Issues Here: [https://github.com/orgs/opensearch-project/projects/45/views/1?filterQuery=label%3A%22g](https://github.com/orgs/opensearch-project/projects/45/views/1?filterQuery=label%3A%22g). Comment on an issue you want to work on and ask to be assigned.\n\n**Weekly Topics**\n\n* Put your name next to a topic in the Google Doc or add your own topic: [https://docs.google.com/document/d/1cpGSlQVnzd_J6NoFcBbGf4ykGK31l3h59toZmbxUezw/edit?usp=sharing](https://docs.google.com/document/d/1cpGSlQVnzd_J6NoFcBbGf4ykGK31l3h59toZmbxUezw/edit?usp=sharing)\n\nJoin Zoom Meeting\n**[https://us02web.zoom.us/j/83461075100](https://us02web.zoom.us/j/83461075100)**\n**Meeting ID: 834 6107 5100**\n**Passcode: 352301**\n\\-\\-\\-\nOne tap mobile\n+16699009128,,83461075100# US (San Jose)\n+17193594580,,83461075100# US\n\\-\\-\\-\nDial by your location\n• +1 669 900 9128 US (San Jose)\n• +1 719 359 4580 US\n• +1 253 205 0468 US\n• +1 253 215 8782 US (Tacoma)\n• +1 346 248 7799 US (Houston)\n• +1 669 444 9171 US\n• +1 360 209 5623 US\n• +1 386 347 5053 US\n• +1 507 473 4847 US\n• +1 564 217 2000 US\n• +1 646 558 8656 US (New York)\n• +1 646 931 3860 US\n• +1 689 278 1000 US\n• +1 301 715 8592 US (Washington DC)\n• +1 305 224 1968 US\n• +1 309 205 3325 US\n• +1 312 626 6799 US (Chicago)\n• 877 853 5247 US Toll-free\n• 888 788 0099 US Toll-free\nMeeting ID: 834 6107 5100\nFind your local number: [https://us02web.zoom.us/u/kecm4g4G4R](https://us02web.zoom.us/u/kecm4g4G4R)\n**Join the meeting**\n[https://us02web.zoom.us/j/83461075100](https://us02web.zoom.us/j/83461075100)\nPass code: 352301",
              "endTime": "2024-12-04T10:00-08:00",
              "eventUrl": "https://www.meetup.com/opensearch/events/nglcktygcqbgb",
              "isOnline": true,
              "timezone": "America/Los_Angeles",
              "title": "Search Backlog & Triage Meeting ",
              "venue": {
                "city": "",
                "country": ""
              }
            }
          },
          {
            "cursor": "a3hsemh0eWdjcWJtYjoxNzMzNzQ5MjAwMDAw",
            "node": {
              "dateTime": "2024-12-09T08:00-08:00",
              "description": "**Development Backlog & Triage Meeting - Security (Weekly)**\n\n**Agenda**:\n**Triage issues** in both repos, add the triaged label once reviewed/ready. They can be also labelled as sprint backlog if we are looking to queueing them up next, or good first issue / help wanted if appropriate.\n\n* [Backend security](https://github.com/opensearch-project/security/issues?q=is%3Aopen+is%3Aissue+-label%3Atriaged+)\n* [Dashboards security](https://github.com/opensearch-project/security-dashboards-plugin/issues?q=is%3Aopen+is%3Aissue+-label%3Atriaged+)\n\n**Sprint backlog** (Examine if it still reflects the work that we are committing to doing and is it in the right priority order)\n\n* Sprint backlog has all we are committing to doing in the next few weeks. If we have more than 2x the SDEs in the team, push cards back to the regular backlog\n* [Backend security](https://github.com/opensearch-project/security/issues?q=is%3Aopen+is%3Aissue+label%3A%22sprint+backlog%22+)\n* [Dashboards security](https://github.com/opensearch-project/security-dashboards-plugin/issues?q=is%3Aopen+is%3Aissue+label%3A%22sprint+backlog%22+)\n\n**Backlog** (anything we should move to sprint backlog? anything we should tag asking for help from the community?)\n\n* [Backend security](https://github.com/opensearch-project/security/issues?q=is%3Aopen+is%3Aissue+-label%3A%22sprint+backlog%22+-label%3A%22WIP%22+label%3A%22triaged%22+)\n* [Dashboards security](https://github.com/opensearch-project/security-dashboards-plugin/issues?q=is%3Aopen+is%3Aissue+-label%3A%22sprint+backlog%22+-label%3A%22WIP%22+label%3A%22triaged%22)\n\nStephen Crawford is inviting you to a scheduled Zoom meeting.\nJoin Zoom Meeting\n[https://us02web.zoom.us/j/89618742609?pwd=ZE9ZRGpiZmF1amdLY0djK3VhZG10UT09](https://us02web.zoom.us/j/89618742609?pwd=ZE9ZRGpiZmF1amdLY0djK3VhZG10UT09)\nMeeting ID: 896 1874 2609\nPasscode: 873422\n\\-\\-\\-\nOne tap mobile\n+13126266799,,89618742609# US (Chicago)\n+16465588656,,89618742609# US (New York)\n\\-\\-\\-\nDial by your location\n• +1 312 626 6799 US (Chicago)\n• +1 646 558 8656 US (New York)\n• +1 646 931 3860 US\n• +1 301 715 8592 US (Washington DC)\n• +1 305 224 1968 US\n• +1 309 205 3325 US\n• +1 253 205 0468 US\n• +1 253 215 8782 US (Tacoma)\n• +1 346 248 7799 US (Houston)\n• +1 360 209 5623 US\n• +1 386 347 5053 US\n• +1 507 473 4847 US\n• +1 564 217 2000 US\n• +1 669 444 9171 US\n• +1 669 900 9128 US (San Jose)\n• +1 689 278 1000 US\n• +1 719 359 4580 US\n• 888 788 0099 US Toll-free\n• 877 853 5247 US Toll-free\nMeeting ID: 896 1874 2609\nFind your local number: [https://us02web.zoom.us/u/kdod0sJXqA](https://us02web.zoom.us/u/kdod0sJXqA)",
              "endTime": "2024-12-09T09:00-08:00",
              "eventUrl": "https://www.meetup.com/opensearch/events/kxlzhtygcqbmb",
              "isOnline": true,
              "timezone": "America/Los_Angeles",
              "title": "Development Backlog & Triage Meeting - Security",
              "venue": {
                "city": "",
                "country": ""
              }
            }
          },
          {
            "cursor": "a3Zkemp0eWdjcWJwYjoxNzMzOTIyMDAwMDAw",
            "node": {
              "dateTime": "2024-12-11T08:00-08:00",
              "description": "Join the OpenSearch community to review and triage incoming issues in the OpenSearch repository. Meetings are open-to-all and attendance is encouraged for anyone who hopes to contribute, discuss an issue, or learn more about the project. See [Triaging](https://github.com/opensearch-project/OpenSearch/blob/main/TRIAGING.md) on OpenSearch for more details and FAQs.\n\n**Agenda**\n\n1. **Initial Gathering:** Feel free to turn on your video and engage in informal conversation. Shortly, a volunteer triage [facilitator](https://github.com/opensearch-project/OpenSearch/blob/main/TRIAGING.md#what-is-the-role-of-the-facilitator) will begin the meeting and share their screen.\n2. **Record Attendees:** The facilitator will request attendees to share their GitHub profile links. These links will be collected and assembled into a [tag](https://github.com/opensearch-project/OpenSearch/blob/main/TRIAGING.md#how-do-triage-facilitator-tag-comments-during-the-triage-meeting) to annotate comments during the meeting.\n3. **Announcements:** Any announcements will be made at the beginning of the meeting.\n4. **Review of New Issues:** We start by reviewing all untriaged [issues](https://github.com/search?q=label%3Auntriaged+is%3Aopen++repo%3Aopensearch-project%2FOpenSearch+&type=issues&ref=advsearch&s=created&o=desc) for the OpenSearch repo.\n5. **Attendee Requests:** An opportunity for any meeting member to request consideration of an issue or pull request.\n6. **Open Discussion:** Attendees can bring up any topics not already covered by filed issues or pull requests.\n\n**Chime Links**\n\n* Join via browser screen share: [https://chime.aws/1988437365](https://chime.aws/1988437365)\n* Join via phone (US): [+1-929-432-4463,,,1988437365#](+1-929-432-4463,,,1988437365#)\n* Join via phone (US toll-free): [+1-855-552-4463,,,1988437365#](+1-855-552-4463,,,1988437365#)",
              "endTime": "2024-12-11T09:00-08:00",
              "eventUrl": "https://www.meetup.com/opensearch/events/kvdzjtygcqbpb",
              "isOnline": true,
              "timezone": "America/Los_Angeles",
              "title": "OpenSearch Core Triage Meeting",
              "venue": {
                "city": "",
                "country": ""
              }
            }
          },
          {
            "cursor": "bmdsY2t0eWdjcWJwYjoxNzMzOTI1NjAwMDAw",
            "node": {
              "dateTime": "2024-12-11T09:00-08:00",
              "description": "We are formalizing the fact that this meeting has organically covered more than relevance topics and updating the meeting agenda. See the proposal here: https://forum.opensearch.org/t/expanding-the-search-relevance-community-meeting-to-cover-all-aspects-of-search/17466/3\n\n**Standing Topics**\n\n* Brief intro\n* Triage New Issues - [https://github.com/orgs/opensearch-project/projects/45](https://github.com/orgs/opensearch-project/projects/45)\n* New Contributors Can Pick Up Issues Here: [https://github.com/orgs/opensearch-project/projects/45/views/1?filterQuery=label%3A%22g](https://github.com/orgs/opensearch-project/projects/45/views/1?filterQuery=label%3A%22g). Comment on an issue you want to work on and ask to be assigned.\n\n**Weekly Topics**\n\n* Put your name next to a topic in the Google Doc or add your own topic: [https://docs.google.com/document/d/1cpGSlQVnzd_J6NoFcBbGf4ykGK31l3h59toZmbxUezw/edit?usp=sharing](https://docs.google.com/document/d/1cpGSlQVnzd_J6NoFcBbGf4ykGK31l3h59toZmbxUezw/edit?usp=sharing)\n\nJoin Zoom Meeting\n**[https://us02web.zoom.us/j/83461075100](https://us02web.zoom.us/j/83461075100)**\n**Meeting ID: 834 6107 5100**\n**Passcode: 352301**\n\\-\\-\\-\nOne tap mobile\n+16699009128,,83461075100# US (San Jose)\n+17193594580,,83461075100# US\n\\-\\-\\-\nDial by your location\n• +1 669 900 9128 US (San Jose)\n• +1 719 359 4580 US\n• +1 253 205 0468 US\n• +1 253 215 8782 US (Tacoma)\n• +1 346 248 7799 US (Houston)\n• +1 669 444 9171 US\n• +1 360 209 5623 US\n• +1 386 347 5053 US\n• +1 507 473 4847 US\n• +1 564 217 2000 US\n• +1 646 558 8656 US (New York)\n• +1 646 931 3860 US\n• +1 689 278 1000 US\n• +1 301 715 8592 US (Washington DC)\n• +1 305 224 1968 US\n• +1 309 205 3325 US\n• +1 312 626 6799 US (Chicago)\n• 877 853 5247 US Toll-free\n• 888 788 0099 US Toll-free\nMeeting ID: 834 6107 5100\nFind your local number: [https://us02web.zoom.us/u/kecm4g4G4R](https://us02web.zoom.us/u/kecm4g4G4R)\n**Join the meeting**\n[https://us02web.zoom.us/j/83461075100](https://us02web.zoom.us/j/83461075100)\nPass code: 352301",
              "endTime": "2024-12-11T10:00-08:00",
              "eventUrl": "https://www.meetup.com/opensearch/events/nglcktygcqbpb",
              "isOnline": true,
              "timezone": "America/Los_Angeles",
              "title": "Search Backlog & Triage Meeting ",
              "venue": {
                "city": "",
                "country": ""
              }
            }
          },
          {
            "cursor": "a3hsemh0eWdjcWJ2YjoxNzM0MzU0MDAwMDAw",
            "node": {
              "dateTime": "2024-12-16T08:00-08:00",
              "description": "**Development Backlog & Triage Meeting - Security (Weekly)**\n\n**Agenda**:\n**Triage issues** in both repos, add the triaged label once reviewed/ready. They can be also labelled as sprint backlog if we are looking to queueing them up next, or good first issue / help wanted if appropriate.\n\n* [Backend security](https://github.com/opensearch-project/security/issues?q=is%3Aopen+is%3Aissue+-label%3Atriaged+)\n* [Dashboards security](https://github.com/opensearch-project/security-dashboards-plugin/issues?q=is%3Aopen+is%3Aissue+-label%3Atriaged+)\n\n**Sprint backlog** (Examine if it still reflects the work that we are committing to doing and is it in the right priority order)\n\n* Sprint backlog has all we are committing to doing in the next few weeks. If we have more than 2x the SDEs in the team, push cards back to the regular backlog\n* [Backend security](https://github.com/opensearch-project/security/issues?q=is%3Aopen+is%3Aissue+label%3A%22sprint+backlog%22+)\n* [Dashboards security](https://github.com/opensearch-project/security-dashboards-plugin/issues?q=is%3Aopen+is%3Aissue+label%3A%22sprint+backlog%22+)\n\n**Backlog** (anything we should move to sprint backlog? anything we should tag asking for help from the community?)\n\n* [Backend security](https://github.com/opensearch-project/security/issues?q=is%3Aopen+is%3Aissue+-label%3A%22sprint+backlog%22+-label%3A%22WIP%22+label%3A%22triaged%22+)\n* [Dashboards security](https://github.com/opensearch-project/security-dashboards-plugin/issues?q=is%3Aopen+is%3Aissue+-label%3A%22sprint+backlog%22+-label%3A%22WIP%22+label%3A%22triaged%22)\n\nStephen Crawford is inviting you to a scheduled Zoom meeting.\nJoin Zoom Meeting\n[https://us02web.zoom.us/j/89618742609?pwd=ZE9ZRGpiZmF1amdLY0djK3VhZG10UT09](https://us02web.zoom.us/j/89618742609?pwd=ZE9ZRGpiZmF1amdLY0djK3VhZG10UT09)\nMeeting ID: 896 1874 2609\nPasscode: 873422\n\\-\\-\\-\nOne tap mobile\n+13126266799,,89618742609# US (Chicago)\n+16465588656,,89618742609# US (New York)\n\\-\\-\\-\nDial by your location\n• +1 312 626 6799 US (Chicago)\n• +1 646 558 8656 US (New York)\n• +1 646 931 3860 US\n• +1 301 715 8592 US (Washington DC)\n• +1 305 224 1968 US\n• +1 309 205 3325 US\n• +1 253 205 0468 US\n• +1 253 215 8782 US (Tacoma)\n• +1 346 248 7799 US (Houston)\n• +1 360 209 5623 US\n• +1 386 347 5053 US\n• +1 507 473 4847 US\n• +1 564 217 2000 US\n• +1 669 444 9171 US\n• +1 669 900 9128 US (San Jose)\n• +1 689 278 1000 US\n• +1 719 359 4580 US\n• 888 788 0099 US Toll-free\n• 877 853 5247 US Toll-free\nMeeting ID: 896 1874 2609\nFind your local number: [https://us02web.zoom.us/u/kdod0sJXqA](https://us02web.zoom.us/u/kdod0sJXqA)",
              "endTime": "2024-12-16T09:00-08:00",
              "eventUrl": "https://www.meetup.com/opensearch/events/kxlzhtygcqbvb",
              "isOnline": true,
              "timezone": "America/Los_Angeles",
              "title": "Development Backlog & Triage Meeting - Security",
              "venue": {
                "city": "",
                "country": ""
              }
            }
          },
          {
            "cursor": "a3Zkemp0eWdjcWJ4YjoxNzM0NTI2ODAwMDAw",
            "node": {
              "dateTime": "2024-12-18T08:00-08:00",
              "description": "Join the OpenSearch community to review and triage incoming issues in the OpenSearch repository. Meetings are open-to-all and attendance is encouraged for anyone who hopes to contribute, discuss an issue, or learn more about the project. See [Triaging](https://github.com/opensearch-project/OpenSearch/blob/main/TRIAGING.md) on OpenSearch for more details and FAQs.\n\n**Agenda**\n\n1. **Initial Gathering:** Feel free to turn on your video and engage in informal conversation. Shortly, a volunteer triage [facilitator](https://github.com/opensearch-project/OpenSearch/blob/main/TRIAGING.md#what-is-the-role-of-the-facilitator) will begin the meeting and share their screen.\n2. **Record Attendees:** The facilitator will request attendees to share their GitHub profile links. These links will be collected and assembled into a [tag](https://github.com/opensearch-project/OpenSearch/blob/main/TRIAGING.md#how-do-triage-facilitator-tag-comments-during-the-triage-meeting) to annotate comments during the meeting.\n3. **Announcements:** Any announcements will be made at the beginning of the meeting.\n4. **Review of New Issues:** We start by reviewing all untriaged [issues](https://github.com/search?q=label%3Auntriaged+is%3Aopen++repo%3Aopensearch-project%2FOpenSearch+&type=issues&ref=advsearch&s=created&o=desc) for the OpenSearch repo.\n5. **Attendee Requests:** An opportunity for any meeting member to request consideration of an issue or pull request.\n6. **Open Discussion:** Attendees can bring up any topics not already covered by filed issues or pull requests.\n\n**Chime Links**\n\n* Join via browser screen share: [https://chime.aws/1988437365](https://chime.aws/1988437365)\n* Join via phone (US): [+1-929-432-4463,,,1988437365#](+1-929-432-4463,,,1988437365#)\n* Join via phone (US toll-free): [+1-855-552-4463,,,1988437365#](+1-855-552-4463,,,1988437365#)",
              "endTime": "2024-12-18T09:00-08:00",
              "eventUrl": "https://www.meetup.com/opensearch/events/kvdzjtygcqbxb",
              "isOnline": true,
              "timezone": "America/Los_Angeles",
              "title": "OpenSearch Core Triage Meeting",
              "venue": {
                "city": "",
                "country": ""
              }
            }
          },
          {
            "cursor": "bmdsY2t0eWdjcWJ4YjoxNzM0NTMwNDAwMDAw",
            "node": {
              "dateTime": "2024-12-18T09:00-08:00",
              "description": "We are formalizing the fact that this meeting has organically covered more than relevance topics and updating the meeting agenda. See the proposal here: https://forum.opensearch.org/t/expanding-the-search-relevance-community-meeting-to-cover-all-aspects-of-search/17466/3\n\n**Standing Topics**\n\n* Brief intro\n* Triage New Issues - [https://github.com/orgs/opensearch-project/projects/45](https://github.com/orgs/opensearch-project/projects/45)\n* New Contributors Can Pick Up Issues Here: [https://github.com/orgs/opensearch-project/projects/45/views/1?filterQuery=label%3A%22g](https://github.com/orgs/opensearch-project/projects/45/views/1?filterQuery=label%3A%22g). Comment on an issue you want to work on and ask to be assigned.\n\n**Weekly Topics**\n\n* Put your name next to a topic in the Google Doc or add your own topic: [https://docs.google.com/document/d/1cpGSlQVnzd_J6NoFcBbGf4ykGK31l3h59toZmbxUezw/edit?usp=sharing](https://docs.google.com/document/d/1cpGSlQVnzd_J6NoFcBbGf4ykGK31l3h59toZmbxUezw/edit?usp=sharing)\n\nJoin Zoom Meeting\n**[https://us02web.zoom.us/j/83461075100](https://us02web.zoom.us/j/83461075100)**\n**Meeting ID: 834 6107 5100**\n**Passcode: 352301**\n\\-\\-\\-\nOne tap mobile\n+16699009128,,83461075100# US (San Jose)\n+17193594580,,83461075100# US\n\\-\\-\\-\nDial by your location\n• +1 669 900 9128 US (San Jose)\n• +1 719 359 4580 US\n• +1 253 205 0468 US\n• +1 253 215 8782 US (Tacoma)\n• +1 346 248 7799 US (Houston)\n• +1 669 444 9171 US\n• +1 360 209 5623 US\n• +1 386 347 5053 US\n• +1 507 473 4847 US\n• +1 564 217 2000 US\n• +1 646 558 8656 US (New York)\n• +1 646 931 3860 US\n• +1 689 278 1000 US\n• +1 301 715 8592 US (Washington DC)\n• +1 305 224 1968 US\n• +1 309 205 3325 US\n• +1 312 626 6799 US (Chicago)\n• 877 853 5247 US Toll-free\n• 888 788 0099 US Toll-free\nMeeting ID: 834 6107 5100\nFind your local number: [https://us02web.zoom.us/u/kecm4g4G4R](https://us02web.zoom.us/u/kecm4g4G4R)\n**Join the meeting**\n[https://us02web.zoom.us/j/83461075100](https://us02web.zoom.us/j/83461075100)\nPass code: 352301",
              "endTime": "2024-12-18T10:00-08:00",
              "eventUrl": "https://www.meetup.com/opensearch/events/nglcktygcqbxb",
              "isOnline": true,
              "timezone": "America/Los_Angeles",
              "title": "Search Backlog & Triage Meeting ",
              "venue": {
                "city": "",
                "country": ""
              }
            }
          },
          {
            "cursor": "a3hsemh0eWdjcWJmYzoxNzM0OTU4ODAwMDAw",
            "node": {
              "dateTime": "2024-12-23T08:00-08:00",
              "description": "**Development Backlog & Triage Meeting - Security (Weekly)**\n\n**Agenda**:\n**Triage issues** in both repos, add the triaged label once reviewed/ready. They can be also labelled as sprint backlog if we are looking to queueing them up next, or good first issue / help wanted if appropriate.\n\n* [Backend security](https://github.com/opensearch-project/security/issues?q=is%3Aopen+is%3Aissue+-label%3Atriaged+)\n* [Dashboards security](https://github.com/opensearch-project/security-dashboards-plugin/issues?q=is%3Aopen+is%3Aissue+-label%3Atriaged+)\n\n**Sprint backlog** (Examine if it still reflects the work that we are committing to doing and is it in the right priority order)\n\n* Sprint backlog has all we are committing to doing in the next few weeks. If we have more than 2x the SDEs in the team, push cards back to the regular backlog\n* [Backend security](https://github.com/opensearch-project/security/issues?q=is%3Aopen+is%3Aissue+label%3A%22sprint+backlog%22+)\n* [Dashboards security](https://github.com/opensearch-project/security-dashboards-plugin/issues?q=is%3Aopen+is%3Aissue+label%3A%22sprint+backlog%22+)\n\n**Backlog** (anything we should move to sprint backlog? anything we should tag asking for help from the community?)\n\n* [Backend security](https://github.com/opensearch-project/security/issues?q=is%3Aopen+is%3Aissue+-label%3A%22sprint+backlog%22+-label%3A%22WIP%22+label%3A%22triaged%22+)\n* [Dashboards security](https://github.com/opensearch-project/security-dashboards-plugin/issues?q=is%3Aopen+is%3Aissue+-label%3A%22sprint+backlog%22+-label%3A%22WIP%22+label%3A%22triaged%22)\n\nStephen Crawford is inviting you to a scheduled Zoom meeting.\nJoin Zoom Meeting\n[https://us02web.zoom.us/j/89618742609?pwd=ZE9ZRGpiZmF1amdLY0djK3VhZG10UT09](https://us02web.zoom.us/j/89618742609?pwd=ZE9ZRGpiZmF1amdLY0djK3VhZG10UT09)\nMeeting ID: 896 1874 2609\nPasscode: 873422\n\\-\\-\\-\nOne tap mobile\n+13126266799,,89618742609# US (Chicago)\n+16465588656,,89618742609# US (New York)\n\\-\\-\\-\nDial by your location\n• +1 312 626 6799 US (Chicago)\n• +1 646 558 8656 US (New York)\n• +1 646 931 3860 US\n• +1 301 715 8592 US (Washington DC)\n• +1 305 224 1968 US\n• +1 309 205 3325 US\n• +1 253 205 0468 US\n• +1 253 215 8782 US (Tacoma)\n• +1 346 248 7799 US (Houston)\n• +1 360 209 5623 US\n• +1 386 347 5053 US\n• +1 507 473 4847 US\n• +1 564 217 2000 US\n• +1 669 444 9171 US\n• +1 669 900 9128 US (San Jose)\n• +1 689 278 1000 US\n• +1 719 359 4580 US\n• 888 788 0099 US Toll-free\n• 877 853 5247 US Toll-free\nMeeting ID: 896 1874 2609\nFind your local number: [https://us02web.zoom.us/u/kdod0sJXqA](https://us02web.zoom.us/u/kdod0sJXqA)",
              "endTime": "2024-12-23T09:00-08:00",
              "eventUrl": "https://www.meetup.com/opensearch/events/kxlzhtygcqbfc",
              "isOnline": true,
              "timezone": "America/Los_Angeles",
              "title": "Development Backlog & Triage Meeting - Security",
              "venue": {
                "city": "",
                "country": ""
              }
            }
          },
          {
            "cursor": "a3Zkemp0eWdjcWJoYzoxNzM1MTMxNjAwMDAw",
            "node": {
              "dateTime": "2024-12-25T08:00-08:00",
              "description": "Join the OpenSearch community to review and triage incoming issues in the OpenSearch repository. Meetings are open-to-all and attendance is encouraged for anyone who hopes to contribute, discuss an issue, or learn more about the project. See [Triaging](https://github.com/opensearch-project/OpenSearch/blob/main/TRIAGING.md) on OpenSearch for more details and FAQs.\n\n**Agenda**\n\n1. **Initial Gathering:** Feel free to turn on your video and engage in informal conversation. Shortly, a volunteer triage [facilitator](https://github.com/opensearch-project/OpenSearch/blob/main/TRIAGING.md#what-is-the-role-of-the-facilitator) will begin the meeting and share their screen.\n2. **Record Attendees:** The facilitator will request attendees to share their GitHub profile links. These links will be collected and assembled into a [tag](https://github.com/opensearch-project/OpenSearch/blob/main/TRIAGING.md#how-do-triage-facilitator-tag-comments-during-the-triage-meeting) to annotate comments during the meeting.\n3. **Announcements:** Any announcements will be made at the beginning of the meeting.\n4. **Review of New Issues:** We start by reviewing all untriaged [issues](https://github.com/search?q=label%3Auntriaged+is%3Aopen++repo%3Aopensearch-project%2FOpenSearch+&type=issues&ref=advsearch&s=created&o=desc) for the OpenSearch repo.\n5. **Attendee Requests:** An opportunity for any meeting member to request consideration of an issue or pull request.\n6. **Open Discussion:** Attendees can bring up any topics not already covered by filed issues or pull requests.\n\n**Chime Links**\n\n* Join via browser screen share: [https://chime.aws/1988437365](https://chime.aws/1988437365)\n* Join via phone (US): [+1-929-432-4463,,,1988437365#](+1-929-432-4463,,,1988437365#)\n* Join via phone (US toll-free): [+1-855-552-4463,,,1988437365#](+1-855-552-4463,,,1988437365#)",
              "endTime": "2024-12-25T09:00-08:00",
              "eventUrl": "https://www.meetup.com/opensearch/events/kvdzjtygcqbhc",
              "isOnline": true,
              "timezone": "America/Los_Angeles",
              "title": "OpenSearch Core Triage Meeting",
              "venue": {
                "city": "",
                "country": ""
              }
            }
          },
          {
            "cursor": "bmdsY2t0eWdjcWJoYzoxNzM1MTM1MjAwMDAw",
            "node": {
              "dateTime": "2024-12-25T09:00-08:00",
              "description": "We are formalizing the fact that this meeting has organically covered more than relevance topics and updating the meeting agenda. See the proposal here: https://forum.opensearch.org/t/expanding-the-search-relevance-community-meeting-to-cover-all-aspects-of-search/17466/3\n\n**Standing Topics**\n\n* Brief intro\n* Triage New Issues - [https://github.com/orgs/opensearch-project/projects/45](https://github.com/orgs/opensearch-project/projects/45)\n* New Contributors Can Pick Up Issues Here: [https://github.com/orgs/opensearch-project/projects/45/views/1?filterQuery=label%3A%22g](https://github.com/orgs/opensearch-project/projects/45/views/1?filterQuery=label%3A%22g). Comment on an issue you want to work on and ask to be assigned.\n\n**Weekly Topics**\n\n* Put your name next to a topic in the Google Doc or add your own topic: [https://docs.google.com/document/d/1cpGSlQVnzd_J6NoFcBbGf4ykGK31l3h59toZmbxUezw/edit?usp=sharing](https://docs.google.com/document/d/1cpGSlQVnzd_J6NoFcBbGf4ykGK31l3h59toZmbxUezw/edit?usp=sharing)\n\nJoin Zoom Meeting\n**[https://us02web.zoom.us/j/83461075100](https://us02web.zoom.us/j/83461075100)**\n**Meeting ID: 834 6107 5100**\n**Passcode: 352301**\n\\-\\-\\-\nOne tap mobile\n+16699009128,,83461075100# US (San Jose)\n+17193594580,,83461075100# US\n\\-\\-\\-\nDial by your location\n• +1 669 900 9128 US (San Jose)\n• +1 719 359 4580 US\n• +1 253 205 0468 US\n• +1 253 215 8782 US (Tacoma)\n• +1 346 248 7799 US (Houston)\n• +1 669 444 9171 US\n• +1 360 209 5623 US\n• +1 386 347 5053 US\n• +1 507 473 4847 US\n• +1 564 217 2000 US\n• +1 646 558 8656 US (New York)\n• +1 646 931 3860 US\n• +1 689 278 1000 US\n• +1 301 715 8592 US (Washington DC)\n• +1 305 224 1968 US\n• +1 309 205 3325 US\n• +1 312 626 6799 US (Chicago)\n• 877 853 5247 US Toll-free\n• 888 788 0099 US Toll-free\nMeeting ID: 834 6107 5100\nFind your local number: [https://us02web.zoom.us/u/kecm4g4G4R](https://us02web.zoom.us/u/kecm4g4G4R)\n**Join the meeting**\n[https://us02web.zoom.us/j/83461075100](https://us02web.zoom.us/j/83461075100)\nPass code: 352301",
              "endTime": "2024-12-25T10:00-08:00",
              "eventUrl": "https://www.meetup.com/opensearch/events/nglcktygcqbhc",
              "isOnline": true,
              "timezone": "America/Los_Angeles",
              "title": "Search Backlog & Triage Meeting ",
              "venue": {
                "city": "",
                "country": ""
              }
            }
          },
          {
            "cursor": "a3hsemh0eWdjcWJuYzoxNzM1NTYzNjAwMDAw",
            "node": {
              "dateTime": "2024-12-30T08:00-08:00",
              "description": "**Development Backlog & Triage Meeting - Security (Weekly)**\n\n**Agenda**:\n**Triage issues** in both repos, add the triaged label once reviewed/ready. They can be also labelled as sprint backlog if we are looking to queueing them up next, or good first issue / help wanted if appropriate.\n\n* [Backend security](https://github.com/opensearch-project/security/issues?q=is%3Aopen+is%3Aissue+-label%3Atriaged+)\n* [Dashboards security](https://github.com/opensearch-project/security-dashboards-plugin/issues?q=is%3Aopen+is%3Aissue+-label%3Atriaged+)\n\n**Sprint backlog** (Examine if it still reflects the work that we are committing to doing and is it in the right priority order)\n\n* Sprint backlog has all we are committing to doing in the next few weeks. If we have more than 2x the SDEs in the team, push cards back to the regular backlog\n* [Backend security](https://github.com/opensearch-project/security/issues?q=is%3Aopen+is%3Aissue+label%3A%22sprint+backlog%22+)\n* [Dashboards security](https://github.com/opensearch-project/security-dashboards-plugin/issues?q=is%3Aopen+is%3Aissue+label%3A%22sprint+backlog%22+)\n\n**Backlog** (anything we should move to sprint backlog? anything we should tag asking for help from the community?)\n\n* [Backend security](https://github.com/opensearch-project/security/issues?q=is%3Aopen+is%3Aissue+-label%3A%22sprint+backlog%22+-label%3A%22WIP%22+label%3A%22triaged%22+)\n* [Dashboards security](https://github.com/opensearch-project/security-dashboards-plugin/issues?q=is%3Aopen+is%3Aissue+-label%3A%22sprint+backlog%22+-label%3A%22WIP%22+label%3A%22triaged%22)\n\nStephen Crawford is inviting you to a scheduled Zoom meeting.\nJoin Zoom Meeting\n[https://us02web.zoom.us/j/89618742609?pwd=ZE9ZRGpiZmF1amdLY0djK3VhZG10UT09](https://us02web.zoom.us/j/89618742609?pwd=ZE9ZRGpiZmF1amdLY0djK3VhZG10UT09)\nMeeting ID: 896 1874 2609\nPasscode: 873422\n\\-\\-\\-\nOne tap mobile\n+13126266799,,89618742609# US (Chicago)\n+16465588656,,89618742609# US (New York)\n\\-\\-\\-\nDial by your location\n• +1 312 626 6799 US (Chicago)\n• +1 646 558 8656 US (New York)\n• +1 646 931 3860 US\n• +1 301 715 8592 US (Washington DC)\n• +1 305 224 1968 US\n• +1 309 205 3325 US\n• +1 253 205 0468 US\n• +1 253 215 8782 US (Tacoma)\n• +1 346 248 7799 US (Houston)\n• +1 360 209 5623 US\n• +1 386 347 5053 US\n• +1 507 473 4847 US\n• +1 564 217 2000 US\n• +1 669 444 9171 US\n• +1 669 900 9128 US (San Jose)\n• +1 689 278 1000 US\n• +1 719 359 4580 US\n• 888 788 0099 US Toll-free\n• 877 853 5247 US Toll-free\nMeeting ID: 896 1874 2609\nFind your local number: [https://us02web.zoom.us/u/kdod0sJXqA](https://us02web.zoom.us/u/kdod0sJXqA)",
              "endTime": "2024-12-30T09:00-08:00",
              "eventUrl": "https://www.meetup.com/opensearch/events/kxlzhtygcqbnc",
              "isOnline": true,
              "timezone": "America/Los_Angeles",
              "title": "Development Backlog & Triage Meeting - Security",
              "venue": {
                "city": "",
                "country": ""
              }
            }
          },
          {
            "cursor": "a3Zkemp0eWhjY2JjYjoxNzM1NzM2NDAwMDAw",
            "node": {
              "dateTime": "2025-01-01T08:00-08:00",
              "description": "Join the OpenSearch community to review and triage incoming issues in the OpenSearch repository. Meetings are open-to-all and attendance is encouraged for anyone who hopes to contribute, discuss an issue, or learn more about the project. See [Triaging](https://github.com/opensearch-project/OpenSearch/blob/main/TRIAGING.md) on OpenSearch for more details and FAQs.\n\n**Agenda**\n\n1. **Initial Gathering:** Feel free to turn on your video and engage in informal conversation. Shortly, a volunteer triage [facilitator](https://github.com/opensearch-project/OpenSearch/blob/main/TRIAGING.md#what-is-the-role-of-the-facilitator) will begin the meeting and share their screen.\n2. **Record Attendees:** The facilitator will request attendees to share their GitHub profile links. These links will be collected and assembled into a [tag](https://github.com/opensearch-project/OpenSearch/blob/main/TRIAGING.md#how-do-triage-facilitator-tag-comments-during-the-triage-meeting) to annotate comments during the meeting.\n3. **Announcements:** Any announcements will be made at the beginning of the meeting.\n4. **Review of New Issues:** We start by reviewing all untriaged [issues](https://github.com/search?q=label%3Auntriaged+is%3Aopen++repo%3Aopensearch-project%2FOpenSearch+&type=issues&ref=advsearch&s=created&o=desc) for the OpenSearch repo.\n5. **Attendee Requests:** An opportunity for any meeting member to request consideration of an issue or pull request.\n6. **Open Discussion:** Attendees can bring up any topics not already covered by filed issues or pull requests.\n\n**Chime Links**\n\n* Join via browser screen share: [https://chime.aws/1988437365](https://chime.aws/1988437365)\n* Join via phone (US): [+1-929-432-4463,,,1988437365#](+1-929-432-4463,,,1988437365#)\n* Join via phone (US toll-free): [+1-855-552-4463,,,1988437365#](+1-855-552-4463,,,1988437365#)",
              "endTime": "2025-01-01T09:00-08:00",
              "eventUrl": "https://www.meetup.com/opensearch/events/kvdzjtyhccbcb",
              "isOnline": true,
              "timezone": "America/Los_Angeles",
              "title": "OpenSearch Core Triage Meeting",
              "venue": {
                "city": "",
                "country": ""
              }
            }
          },
          {
            "cursor": "bmdsY2t0eWhjY2JjYjoxNzM1NzQwMDAwMDAw",
            "node": {
              "dateTime": "2025-01-01T09:00-08:00",
              "description": "We are formalizing the fact that this meeting has organically covered more than relevance topics and updating the meeting agenda. See the proposal here: https://forum.opensearch.org/t/expanding-the-search-relevance-community-meeting-to-cover-all-aspects-of-search/17466/3\n\n**Standing Topics**\n\n* Brief intro\n* Triage New Issues - [https://github.com/orgs/opensearch-project/projects/45](https://github.com/orgs/opensearch-project/projects/45)\n* New Contributors Can Pick Up Issues Here: [https://github.com/orgs/opensearch-project/projects/45/views/1?filterQuery=label%3A%22g](https://github.com/orgs/opensearch-project/projects/45/views/1?filterQuery=label%3A%22g). Comment on an issue you want to work on and ask to be assigned.\n\n**Weekly Topics**\n\n* Put your name next to a topic in the Google Doc or add your own topic: [https://docs.google.com/document/d/1cpGSlQVnzd_J6NoFcBbGf4ykGK31l3h59toZmbxUezw/edit?usp=sharing](https://docs.google.com/document/d/1cpGSlQVnzd_J6NoFcBbGf4ykGK31l3h59toZmbxUezw/edit?usp=sharing)\n\nJoin Zoom Meeting\n**[https://us02web.zoom.us/j/83461075100](https://us02web.zoom.us/j/83461075100)**\n**Meeting ID: 834 6107 5100**\n**Passcode: 352301**\n\\-\\-\\-\nOne tap mobile\n+16699009128,,83461075100# US (San Jose)\n+17193594580,,83461075100# US\n\\-\\-\\-\nDial by your location\n• +1 669 900 9128 US (San Jose)\n• +1 719 359 4580 US\n• +1 253 205 0468 US\n• +1 253 215 8782 US (Tacoma)\n• +1 346 248 7799 US (Houston)\n• +1 669 444 9171 US\n• +1 360 209 5623 US\n• +1 386 347 5053 US\n• +1 507 473 4847 US\n• +1 564 217 2000 US\n• +1 646 558 8656 US (New York)\n• +1 646 931 3860 US\n• +1 689 278 1000 US\n• +1 301 715 8592 US (Washington DC)\n• +1 305 224 1968 US\n• +1 309 205 3325 US\n• +1 312 626 6799 US (Chicago)\n• 877 853 5247 US Toll-free\n• 888 788 0099 US Toll-free\nMeeting ID: 834 6107 5100\nFind your local number: [https://us02web.zoom.us/u/kecm4g4G4R](https://us02web.zoom.us/u/kecm4g4G4R)\n**Join the meeting**\n[https://us02web.zoom.us/j/83461075100](https://us02web.zoom.us/j/83461075100)\nPass code: 352301",
              "endTime": "2025-01-01T10:00-08:00",
              "eventUrl": "https://www.meetup.com/opensearch/events/nglcktyhccbcb",
              "isOnline": true,
              "timezone": "America/Los_Angeles",
              "title": "Search Backlog & Triage Meeting ",
              "venue": {
                "city": "",
                "country": ""
              }
            }
          },
          {
            "cursor": "a3hsemh0eWhjY2JqYjoxNzM2MTY4NDAwMDAw",
            "node": {
              "dateTime": "2025-01-06T08:00-08:00",
